Termoeléctricaconvencional,2,350.0,333.7,28477,2.20,6.53
condesulfuradoryequipo,2,160.0,149.8,35183,3.13,9.31
paracontroldepartículas,2,80.0,75.0,44254,3.94,11.71
Turbogásaeroderivadagas,1,44.7,43.6,21357,3.19,22.69
1,103.5,100.5,10792,4.12,13.98
Turbogásindustrial,gas,1,88.8,87.8,8517,4.19,11.97
1F,186.5,184.5,7102,3.20,9.69
1G,275.6,272.7,6749,3.04,9.20
1H,280.4,277.6,6639,3.01,9.07
1J,319.0,315.7,6440,3.13,9.01
Turbogásaeroderivadadiesel,1,42.3,41.6,20058,3.08,21.40
Ciclocombinadogas,1A,x,1,114.4,110.8,24585,4.43,7.94
1F,x,1,285.7,278.3,17314,3.02,5.49
2F,x,1,575.1,559.9,16980,2.96,5.38
3F,x,1,864.6,841.0,16367,2.88,5.22
1G,x,1,408.5,396.2,15553,2.73,4.95
2G,x,1,823.8,798.0,15741,2.77,5.01
1H,x,1,413.4,402.2,15471,2.73,4.93
2H,x,1,833.6,809.9,15512,2.73,4.94
1J,x,1,460.9,447.6,15380,2.72,4.91
2J,x,1,929.7,901.7,15029,2.69,4.83
Combustióninterna,1,44.0,42.4,61852,8.01,18.10
3,3.6,3.3,28044,3.16,8.09
Carboeléctricasin,desulf.,2,350.0,332.5,32883,2.38,7.07
Carbsupercrítica,sin,desulf.,1,700.0,670.3,33863,2.46,7.29
Carbsupercrítica,c/desulf.,1,700.0,659.8,40910,2.97,8.81
NuclearBWR,1,1400.0,1351.0,98000,2.25,14.68
NucleaAP1000,1,1200.0,1107.0,98090,2.25,14.69
2/GeotermCerroPrieto,4,27.0,25.0,111839,0.06,15.08
2/GeotermLosAzufres,4,26.6,25.0,87118,0.06,11.76
ElCajón2375.0,373.1,25244,0.00,17.05
ChicoasénII,3,81.2,80.0,17846,0.00,6.79
hiapán(AngosturaII),3,35.5,35.0,30576,0.00,11.63
Eólicaclasedeiento,6,50,2.0,2.0,24963,0.00,8.14
Eóliclaseeviento,7,50,2.0,2.0,24963,0.00,7.12
Solarfotovoltaica,1,60.0,59.9,19000,0.00,10.84,
