Termoeléctricaconvencional,,350,333.7,28477,2.2,6.53
,,160,149.8,35183,3.13,9.31
,,80,75,44254,3.94,11.71
Turbogásaeroderivadagas,,44.7,43.6,21357,3.19,22.69
,,103.5,100.5,10792,4.12,13.98
,,88.8,87.8,8517,4.19,11.97
,,186.5,184.5,7102,3.2,9.69
,,275.6,272.7,6749,3.04,9.2
,,280.4,277.6,6639,3.01,9.07
,,319,315.7,6440,3.13,9.01
,,42.3,41.6,20058,3.08,21.4
Ciclocombinadogas,,114.4,110.8,24585,4.43,7.94
1F,,285.7,278.3,17314,3.02,5.49
2F,,575.1,559.9,16980,2.96,5.38
3F,,864.6,841,16367,2.88,5.22
1G,,408.5,396.2,15553,2.73,4.95
2G,,823.8,798,15741,2.77,5.01
1H,,413.4,402.2,15471,2.73,4.93
2H,,833.6,809.9,15512,2.73,4.94
1J,,460.9,447.6,15380,2.72,4.91
2J,,929.7,901.7,15029,2.69,4.83
Combustióninterna,,44,42.4,61852,8.01,18.1
,,3.6,3.3,28044,3.16,8.09
Carboeléctricasin,,350,332.5,32883,2.38,7.07
Carbsupercrítica,,700,670.3,33863,2.46,7.29
Carbsupercrítica,,700,659.8,40910,2.97,8.81
NuclearBWR,,1400,1351,98000,2.25,14.68
NucleaAP1000,,1200,1107,98090,2.25,14.69
2/GeotermCerroPrieto,,27,25,111839,0.06,15.08
2/GeotermLosAzufres,,26.6,25,87118,0.06,11.76
ElCajón2375.0,,,373.1,25244,0,17.05
ChicoasénII,,81.2,80,17846,0,6.79
hiapán(AngosturaII),,35.5,35,30576,0,11.63
Eólicaclasedeiento,,2,2,24963,0,8.14
Eóliclaseeviento,,2,2,24963,0,7.12
Solarfotovoltaica,,60,59.9,19000,0,10.84
